symbol area
name flowstone
name-de Sinter
name-pt escorrimento
name-es corrimiento
name-ru натеки
name-fr coulee_de_calcite
th_name u:flowstone
color 0xffcc33 0x96 
csurvey 1 48 0 3
bitmap 120 65 R R
120 65
000000000000000000000000000000000000000000000000000000000000000000000000000000000000000000000000000000000000000000000000
000000000000000000000000000000000000000000000000000000000000000000000000000000000000000000000000000000000000000000000000
000000000000000000000000000000000000000000000000000000000000000000000000000000000000000000000000000000000000000000000000
000000000000000000000000000000000000000000000000000000000000000000000000000000000000000000000000000000000000000000000000
000000000000000000000000000000000000000000000000000000000000000000000000000000000000000000000000000000000000000000000000
000000000000000000000011111000000000111100000000000000000000001111100000000011110000000000000000000000111110000000001111
000000000000000000000011111000000000111110000000000000000000001111100000000011111000000000000000000000111110000000001111
100000000000000000000111110000000000111110000000000000000000011111000000000011111000000000000000000001111100000000001111
110000000000000000011111110000000000011111000000000000000000111111000000000001111110000000000000000011111100000000000111
111100000000000000111111100000000000001111110000000000000011111110000000000000111111000000000000001111111000000000000011
111111000000000011111111000000000000000111111100000000001111111100000000000000011111110000000000111111110000000000000001
111111111111111111111110000000000000000011111111111111111111111000000000000000001111111111111111111111100000000000000000
011111111111111111111000000000000000000001111111111111111111100000000000000000000111111111111111111110000000000000000000
001111111111111111110000000000000000000000011111111111111111000000000000000000000001111111111111111100000000000000000000
000011111111111110000000000000000000000000000111111111111000000000000000000000000000011111111111100000000000000000000000
000000000000000000000000000000000000000000000000000000000000000000000000000000000000000000000000000000000000000000000000
000000000000000000000000000000000000000000000000000000000000000000000000000000000000000000000000000000000000000000000000
000000000000000000000000000000000000000000000000000000000000000000000000000000000000000000000000000000000000000000000000
000000000000000000000000000000000000000000000000000000000000000000000000000000000000000000000000000000000000000000000000
000000000000000000000000000000000000000000000000000000000000000000000000000000000000000000000000000000000000000000000000
000000000011100000000000000000000000000000000000001110000000000000000000000000000000000000011000000000000000000000000000
000000000111110000000000000000000000000000000000011111000000000000000000000000000000000001111100000000000000000000000000
000000000111110000000000000000000000000000000000011111000000000000000000000000000000000001111100000000000000000000000000
000000000111111000000000000000000001100000000000011111100000000000000000000110000000000000111110000000000000000000011000
000000000011111100000000000000000011100000000000001111110000000000000000001110000000000000111111000000000000000000111000
000000000001111110000000000000000111100000000000000111111000000000000000011110000000000000011111100000000000000001111000
000000000000111111100000000000011111100000000000000011111110000000000001111110000000000000001111111000000000000111111000
000000000000011111111100000001111111100000000000000001111111110000000111111110000000000000000111111111000000011111111000
000000000000001111111111111111111111000000000000000000111111111111111111111110000000000000000011111111111111111111111000
000000000000000111111111111111111110000000000000000000011111111111111111111000000000000000000001111111111111111111100000
000000000000000000111111111111111000000000000000000000000011111111111111100000000000000000000000001111111111111110000000
000000000000000000000111111111000000000000000000000000000000011111111100000000000000000000000000000001111111110000000000
000000000000000000000000000000000000000000000000000000000000000000000000000000000000000000000000000000000000000000000000
000000000000000000000000000000000000000000000000000000000000000000000000000000000000000000000000000000000000000000000000
000000000000000000000000000000000000000000000000000000000000000000000000000000000000000000000000000000000000000000000000
000000000000000000000000000000000000000000000000000000000000000000000000000000000000000000000000000000000000000000000000
000000000000000000000000000000000000000000000000000000000000000000000000000000000000000000000000000000000000000000000000
000000000000000000000001111000000000111100000000000000000000000111100000000011110000000000000000000000011110000000001111
000000000000000000000011111000000000111100000000000000000000001111100000000011111000000000000000000000111110000000001111
000000000000000000000111111000000000111110000000000000000000011111100000000011111000000000000000000001111110000000001111
100000000000000000000111110000000000011110000000000000000000011111000000000001111100000000000000000001111100000000000111
110000000000000000011111100000000000001111000000000000000001111110000000000000111110000000000000000111111000000000000011
111111000000000011111111000000000000000111111100000000001111111100000000000000011111110000000000111111110000000000000001
111111111111111111111110000000000000000011111111111011111111111000000000000000001111111111101111111111100000000000000000
011111111111111111111000000000000000000001111111111111111111100000000000000000000111111111111111111110000000000000000000
001111111111111111110000000000000000000000011111111111111111000000000000000000000001111111111111111100000000000000000000
000011111111111110000000000000000000000000000111111111111000000000000000000000000000011111111111100000000000000000000000
000000000000000000000000000000000000000000000000000000000000000000000000000000000000000000000000000000000000000000000000
000000000000000000000000000000000000000000000000000000000000000000000000000000000000000000000000000000000000000000000000
000000000000000000000000000000000000000000000000000000000000000000000000000000000000000000000000000000000000000000000000
000000000000000000000000000000000000000000000000000000000000000000000000000000000000000000000000000000000000000000000000
000000000000000000000000000000000000000000000000000000000000000000000000000000000000000000000000000000000000000000000000
000000000011100000000000000000000000000000000000000110000000000000000000000000000000000000011000000000000000000000000000
000000000111110000000000000000000000000000000000011111000000000000000000000000000000000000111100000000000000000000000000
000000000111110000000000000000000000000000000000011111000000000000000000000000000000000001111100000000000000000000000000
000000000111111000000000000000000001000000000000011111100000000000000000000110000000000000111110000000000000000000011000
000000000011111100000000000000000011100000000000001111110000000000000000001110000000000000111111000000000000000000111000
000000000001111110000000000000000111100000000000000111111000000000000000011110000000000000011111100000000000000001111000
000000000000111111100000000000011111100000000000000011111110000000000001111110000000000000001111111000000000000111111000
000000000000011111111100000001111111100000000000000001111111110000000111111110000000000000000111111111000000011111111000
000000000000001111111111111111111111100000000000000000111111111111111111111110000000000000000011111111111111111111111000
000000000000000111111111111111111110000000000000000000011111111111111111111000000000000000000001111111111111111111100000
000000000000000000111111111111111000000000000000000000000011111111111111100000000000000000000000001111111111111110000000
000000000000000000000111111111000000000000000000000000000000011111111100000000000000000000000000000001111111110000000000
endbitmap
endsymbol
