symbol area
name granite
name-it granito
name-pt granito
th_name granite
color 0xcc9966 0xcc
csurvey 1 48 0 3
bitmap 40 30
  0000001000000000000000000000000000000000
  0000001000000000000000000000000000000000
  0000001000000000000000000000000000000000
  0000001000000000000000000000000000000000
  0000001000000000000000000000000000000000
  0000001000000000000000000000000000000000
  0000001000000000000000000000000000000000
  1111111111111100000000000000000000000001
  0000001000000000000000000000000000000000
  0000001000000000000000000000000000000000
  0000001000000000000000000000000000000000
  0000001000000000000000000000000000000000
  0000001000000000000000000000000000000000
  0000001000000000000000000000000000000000
  0000001000000000000000000000000000000000
  0000000000000000000000000000000000000000
  0000000000000000000000000000000000000000
  0000000000000000000000000000000000000000
  0000000000000000000000000000000000000000
  0000000000000000000000000000000000000000
  0000000000000000000000000001000000000000
  0000000000000000000000000001000000000000
  0000000000000000000000000001000000000000
  0000000000000000000000000001000000000000
  0000000000000000000000000001000000000000
  0000000000000000000000000001000000000000
  0000000000000000000000000001000000000000
  0000000000000000000011111111111111100000
  0000000000000000000000000001000000000000
  0000000000000000000000000001000000000000
  0000000000000000000000000001000000000000
  0000000000000000000000000001000000000000
  0000000000000000000000000001000000000000
  0000000000000000000000000001000000000000
  0000000000000000000000000001000000000000
  0000000000000000000000000000000000000000
  0000000000000000000000000000000000000000
  0000000000000000000000000000000000000000
  0000000000000000000000000000000000000000
  0000000000000000000000000000000000000000
endbitmap
endsymbol
