symbol area
name lava
name-it lava
name-pt lava
th_name lava
color 0xff6666 0xcc
csurvey 1 48 0 3
bitmap 40 37
  0000000000000000000000000000000000000000
  0000000011000000000000000000000000000000
  0000000000110000000000000000000000000000
  0000000000001100000000000000000000000000
  0000000000000011000000000000000000000000
  0000000000000000110000000000000000000000
  0000000000000000001000000000000000000000
  0000000000000001110000000000000000000000
  0000000000001110000000000000000000000000
  0000000001110000000000000000000000000000
  0000001110000000000000000000000000000000
  0000110000000000000000000000000000000000
  0000000000000000000000000000000000000000
  0000000000000000000000000000000000000000
  0000000000000000000000000000000000000000
  0000000000000000000000000000000000000000
  0000000000000000000000000000000000000000
  0000000000000000000000000000000000000000
  0000000000000000000000000000000000000000
  0000000000000000000001000000000000000000
  0000000000000000000001000000000000000000
  0000000000000000000010000000000000000000
  0000000000000000000010000000000000000000
  0000000000000000000100000000000001110000
  0000000000000000000100000000011110000000
  0000000000000000001000000111100000000000
  0000000000000000001001111000000000000000
  0000000000000000011110000000000000000000
  0000000000000000010000000000000000000000
  0000000000000000000000000000000000000000
  0000000000000000000000000000000000000000
  0000000000000000000000000000000000000000
  0000000000000000000000000000000000000000
  0000000000000000000000000000000000000000
  0000000000000000000000000000000000000000
  0000000000000000000000000000000000000000
  0000000000000000000000000000000000000000
endbitmap
endsymbol
