symbol area
name dolomite
th_name dolomite
color 0x99cccc 0xcc
csurvey 1 48 0 3
orientable
bitmap 40 30
  0000000000010000000000000000000000000000
  0000000000100000000000000000000000000000
  0000000000100000000000000000000000000000
  0000000001000000000000000000000000000000
  0000000001000000000000000000000000000000
  0000000010000000000000000000000000000000
  0000000010000000000000000000000000000000
  0000000100000000000000000000000000000000
  0000000100000000000000000000000000000000
  1111111111111111111111111111111111111111
  0000000000000000000000000000010000000000
  0000000000000000000000000000010000000000
  0000000000000000000000000000100000000000
  0000000000000000000000000000100000000000
  0000000000000000000000000001000000000000
  0000000000000000000000000001000000000000
  0000000000000000000000000010000000000000
  0000000000000000000000000010000000000000
  0000000000000000000000000100000000000000
  0000000000000000000000000100000000000000
  0000000000000000000000001000000000000000
  0000000000000000000000001000000000000000
  0000000000000000000000010000000000000000
  0000000000000000000000010000000000000000
  0000000000000000000000100000000000000000
  0000000000000000000000100000000000000000
  1111111111111111111111111111111111111111
  0000000000001000000000000000000000000000
  0000000000001000000000000000000000000000
  0000000000010000000000000000000000000000
endbitmap
endsymbol
