symbol area
name ignous
th_name ignous
color 0x99ff00 0xcc
csurvey 1 48 0 3
orientable
bitmap 40 30
  0000000000000000000000000000000000000000
  0000000000011000000000000000000000000000
  0000000000000110000000110000000000000000
  0000000000000001100000001110000000000000
  0000000010000000011000000001110000000000
  0000000100000000000000000000001100000000
  0000001000000000000000000000000000000000
  0000010000000000001110000000000000000000
  0000100000000001110000000000000000000000
  0001000000001110000000000000000000000000
  0010000000000000000000000000000000000000
  0000000000000000001000000000000000000000
  0000000000000000000100000000000110000000
  0000000000000000000100000000011000000000
  0000000001111000000010000001100000000000
  0000011110000000000010000110000000000000
  0111100000000000000001000000000000000000
  0000000000000000000001000000000000000000
  0000000000000000000000100000000010000000
  0000000000010000000000000000000100000000
  0000000000001000000000000000000100000000
  0000000000000100000000000000001000000000
  0000000000000010000000000000001000000000
  0000000000000001000000000000010000000000
  0000000000011000100000000000010000000000
  0000000011100000010000000000100000000000
  0000011100000000001000000000000000000000
  0001100000000000000100000000000000000000
  0000000000000000000000000000000000000000
  0000000000000000000000000000000000000000
endbitmap
endsymbol
