symbol area
name lava
th_name lava
color 0x99ff00 0xcc
csurvey 1 48 0 3
bitmap 40 30
  0000000000000000000000000000000000000000
  0000000000000000000000000000000000000000
  0000000000010000000000000000000000000000
  0000000000001100000000000000000000000000
  0000000000000011000000000000000000000000
  0000000000000000110000000000000000000000
  0000000000000000001000000000000000000000
  0000000000000001110000000000000100000000
  0000000000001110000000000000001010000000
  0000000001110000000000000000110001000000
  0000001110000000000000000001000000100000
  0001110000000000000000000110000000010000
  0000000000000000000000001000000000001000
  0000000000000000000000010000000000000100
  0000000000000000000000000000000000000000
  0000000000000000000000000000000000000000
  0000000000100000000000000000000000000000
  0000000001000000000000000000000000000000
  0000000001000000000000000000000000000000
  0000000010000000000000111000000000000000
  0000000010000000001111000000000000000000
  0000000100000011110000000000000000000000
  0000000100111100000000000000000011000000
  0000001111000000000000000000011101000000
  0000001000000000000000000011100000100000
  0000000000000000000000011100000000100000
  0000000000000000000001100000000000010000
  0000000000000000000000000000000000010000
  0000000000000000000000000000000000001000
  0000000000000000000000000000000000001000
  0000000000000000000000000000000000001000
  0000000000000000000000000000000000000000
endbitmap
endsymbol
