encoding utf-8
symbol area
name icing-area
name-de Eisfläche
name-hu jeges_terület
name-pt área_congelável
name-ru область_обледенения
th_name icing-area
group snow
color 0xcccccc 0xcc
bitmap 57 57
  11000000000000000000000000000000000000000000000000000000000000000
  11000000000000000000000000000000000000000000000000000000000000000
  11000000000000000000000000000000000000000000000000000000000000000
  11000000000000000000000000000000000000000000000000000000000000000
  11000000000000000000000000000000000000000000000000000000000000000
  11000000000000000000000000000000000000000000000000000000000000000
  11000000000000000000000000000000000000000000000000000000000000000
  11000000000000000000000000000000000000000000000000000000000000000
  11000000000000000000000000000000000000000000000000000000000000000
  11000000000000000000000000000000000000000000000000000000000000000
  11000000000000000000000000000000000000000000000000000000000000000
  11000000000000000000000000000000000000000000000000000000000000000
  11000000000000000000000000000000000000000000000000000000000000000
  11000000000000000000000000000000000000000000000000000000000000000
  11000000000000000000000000000000110000000000000000000000000000000
  11000000000000000000000000000000110000000000000000000000000000000
  11000000000000000000000000000000110000000000000000000000000000000
  00000000000000000000000000000000110000000000000000000000000000000
  00000000000000000000000000000000110000000000000000000000000000000
  00000000000000000000000000000000110000000000000000000000000000000
  00000000000000000000000000000000110000000000000000000000000000000
  00000000000000000000000000000000110000000000000000000000000000000
  00000000000000000000000000000000110000000000000000000000000000000
  00000000000000000000000000000000110000000000000000000000000000000
  00000000000000000000000000000000110000000000000000000000000000000
  00000000000000000000000000000000110000000000000000000000000000000
  00000000000000000000000000000000110000000000000000000000000000000
  11111111111111111100000000000000110000000000000001111111111111111
  11111111111111111100000000000000110000000000000001111111111111111
  00000000000000000000000000000000110000000000000000000000000000000
  00000000000000000000000000000000110000000000000000000000000000000
  00000000000000000000000000000000110000000000000000000000000000000
  00000000000000000000000000000000110000000000000000000000000000000
  00000000000000000000000000000000110000000000000000000000000000000
  00000000000000000000000000000000110000000000000000000000000000000
  00000000000000000000000000000000110000000000000000000000000000000
  00000000000000000000000000000000110000000000000000000000000000000
  00000000000000000000000000000000110000000000000000000000000000000
  00000000000000000000000000000000110000000000000000000000000000000
  11000000000000000000000000000000110000000000000000000000000000000
  11000000000000000000000000000000110000000000000000000000000000000
  11000000000000000000000000000000110000000000000000000000000000000
  11000000000000000000000000000000000000000000000000000000000000000
  11000000000000000000000000000000000000000000000000000000000000000
  11000000000000000000000000000000000000000000000000000000000000000
  11000000000000000000000000000000000000000000000000000000000000000
  11000000000000000000000000000000000000000000000000000000000000000
  11000000000000000000000000000000000000000000000000000000000000000
  11000000000000000000000000000000000000000000000000000000000000000
  11000000000000000000000000000000000000000000000000000000000000000
  11000000000000000000000000000000000000000000000000000000000000000
  11000000000000000000000000000000000000000000000000000000000000000
  11000000000000000000000000000000000000000000000000000000000000000
  11000000000000000000000000000000000000000000000000000000000000000
  11000000000000000000000000000000000000000000000000000000000000000
  11000000000000011111111111111111111111111111111111110000000000000
  11000000000000011111111111111111111111111111111111110000000000000
endbitmap
endsymbol

